[  858.309861] [Project1] 3735 1588514690.275921635 1588514691.056663571
[  859.855860] [Project1] 3736 1588514691.824643029 1588514692.603434695
[  861.401620] [Project1] 3737 1588514693.367390672 1588514694.149969171
[  862.996726] [Project1] 3738 1588514694.911499967 1588514695.745871466
[  864.543692] [Project1] 3739 1588514696.511530695 1588514697.293612717
[  866.085380] [Project1] 3740 1588514698.054703946 1588514698.836067618
[  867.631313] [Project1] 3741 1588514699.601199704 1588514700.382776225
[  869.169626] [Project1] 3742 1588514701.145216815 1588514701.921857712
[  870.698116] [Project1] 3743 1588514702.679257830 1588514703.451113095
[  872.228328] [Project1] 3744 1588514704.210379736 1588514704.982089899
