[  819.843788] [Project1] 2751 1588093042.098887542 1588093042.876731525
[  821.376127] [Project1] 2752 1588093043.634626651 1588093044.409837960
[  822.908671] [Project1] 2753 1588093045.169890613 1588093045.943071306
[  824.451068] [Project1] 2754 1588093046.704120409 1588093047.486314157
[  825.999373] [Project1] 2755 1588093048.254439333 1588093049.035392087
[  827.554007] [Project1] 2756 1588093049.796680045 1588093050.590790603
[  829.092075] [Project1] 2757 1588093051.349882304 1588093052.129641127
[  830.641508] [Project1] 2758 1588093052.892232402 1588093053.679852071
[  832.179305] [Project1] 2759 1588093054.440829008 1588093055.218415754
[  833.717936] [Project1] 2760 1588093055.978590778 1588093056.757816181
